================================================================================
FSM ANALYSIS REPORT
================================================================================

SUMMARY
--------------------------------------------------------------------------------
Total Reachable States: 2
Total Transitions: 8
Deadlock Count: 0
Cycle Count: 6
Coverage: 3.12%

STATISTICS
--------------------------------------------------------------------------------
Num States: 2
Num Transitions: 8
Time Elapsed: 0.001071929931640625

REACHABLE STATES
--------------------------------------------------------------------------------
Total: 2 states

   1. (0, 0, 0, 0, 0, 0) (RESET)
   2. (1, 1, 1, 1, 1, 1) ()

TRANSITIONS
--------------------------------------------------------------------------------
Total: 8 transitions

   1. (0, 0, 0, 0, 0, 0) --[I:(0, 0), O:(0, 0, 0)]--> (0, 0, 0, 0, 0, 0)
   2. (0, 0, 0, 0, 0, 0) --[I:(0, 1), O:(0, 0, 0)]--> (1, 1, 1, 1, 1, 1)
   3. (0, 0, 0, 0, 0, 0) --[I:(1, 0), O:(0, 0, 0)]--> (0, 0, 0, 0, 0, 0)
   4. (0, 0, 0, 0, 0, 0) --[I:(1, 1), O:(0, 0, 0)]--> (0, 0, 0, 0, 0, 0)
   5. (1, 1, 1, 1, 1, 1) --[I:(0, 0), O:(0, 0, 0)]--> (1, 1, 1, 1, 1, 1)
   6. (1, 1, 1, 1, 1, 1) --[I:(0, 1), O:(0, 0, 0)]--> (0, 0, 0, 0, 0, 0)
   7. (1, 1, 1, 1, 1, 1) --[I:(1, 0), O:(0, 0, 0)]--> (1, 1, 1, 1, 1, 1)
   8. (1, 1, 1, 1, 1, 1) --[I:(1, 1), O:(0, 0, 0)]--> (0, 0, 0, 0, 0, 0)

DEADLOCK STATES
--------------------------------------------------------------------------------
No deadlock states found.

CYCLES
--------------------------------------------------------------------------------
Total: 6 cycle(s)

Cycle 1: (1, 1, 1, 1, 1, 1) -> (1, 1, 1, 1, 1, 1)
Cycle 2: (0, 0, 0, 0, 0, 0) -> (0, 0, 0, 0, 0, 0)
Cycle 3: (1, 1, 1, 1, 1, 1) -> (0, 0, 0, 0, 0, 0) -> (1, 1, 1, 1, 1, 1)
Cycle 4: (0, 0, 0, 0, 0, 0) -> (0, 0, 0, 0, 0, 0)
Cycle 5: (0, 0, 0, 0, 0, 0) -> (0, 0, 0, 0, 0, 0)
Cycle 6: (1, 1, 1, 1, 1, 1) -> (1, 1, 1, 1, 1, 1)

================================================================================
END OF REPORT
================================================================================
